% Intrinsic and Extrinsic Camera Parameters
%
% This script file can be directly executed under Matlab to recover the camera intrinsic and extrinsic parameters.
% IMPORTANT: This file contains neither the structure of the calibration objects nor the image coordinates of the calibration points.
%            All those complementary variables are saved in the complete matlab data file Calib_Results.mat.
% For more information regarding the calibration model visit http://www.vision.caltech.edu/bouguetj/calib_doc/


%-- Focal length:
fc = [ 2867.465384712221748 ; 2903.223906134263416 ];

%-- Principal point:
cc = [ 602.809889863839317 ; 593.817963487401357 ];

%-- Skew coefficient:
alpha_c = 0.000000000000000;

%-- Distortion coefficients:
kc = [ -0.520814560659469 ; 5.113572123868512 ; 0.051568666430360 ; 0.006362041568476 ; 0.000000000000000 ];

%-- Focal length uncertainty:
fc_error = [ 65.529303575017579 ; 77.208124135369530 ];

%-- Principal point uncertainty:
cc_error = [ 33.172966925310376 ; 84.404027756503069 ];

%-- Skew coefficient uncertainty:
alpha_c_error = 0.000000000000000;

%-- Distortion coefficients uncertainty:
kc_error = [ 0.147882176957435 ; 2.553083497144630 ; 0.007729368689217 ; 0.005786541860194 ; 0.000000000000000 ];

%-- Image size:
nx = 1024;
ny = 768;


%-- Various other variables (may be ignored if you do not use the Matlab Calibration Toolbox):
%-- Those variables are used to control which intrinsic parameters should be optimized

n_ima = 28;						% Number of calibration images
est_fc = [ 1 ; 1 ];					% Estimation indicator of the two focal variables
est_aspect_ratio = 1;				% Estimation indicator of the aspect ratio fc(2)/fc(1)
center_optim = 1;					% Estimation indicator of the principal point
est_alpha = 0;						% Estimation indicator of the skew coefficient
est_dist = [ 1 ; 1 ; 1 ; 1 ; 0 ];	% Estimation indicator of the distortion coefficients


%-- Extrinsic parameters:
%-- The rotation (omc_kk) and the translation (Tc_kk) vectors for every calibration image and their uncertainties

%-- Image #1:
omc_1 = [ -1.781343e+00 ; -1.798789e+00 ; -8.663108e-01 ];
Tc_1  = [ -4.616320e+00 ; -5.737617e+01 ; 2.793959e+02 ];
omc_error_1 = [ 1.980580e-02 ; 2.473017e-02 ; 2.755073e-02 ];
Tc_error_1  = [ 3.363562e+00 ; 8.083230e+00 ; 7.217681e+00 ];

%-- Image #2:
omc_2 = [ 2.454205e+00 ; 1.388282e+00 ; 5.742501e-02 ];
Tc_2  = [ -6.102602e+01 ; -3.920276e+01 ; 3.487025e+02 ];
omc_error_2 = [ 2.418082e-02 ; 1.403627e-02 ; 3.967454e-02 ];
Tc_error_2  = [ 4.050823e+00 ; 1.019927e+01 ; 8.771325e+00 ];

%-- Image #3:
omc_3 = [ 2.126121e+00 ; 1.710545e+00 ; 1.393676e-01 ];
Tc_3  = [ -2.888129e+01 ; -5.095968e+01 ; 3.314814e+02 ];
omc_error_3 = [ 2.287772e-02 ; 1.448392e-02 ; 3.480607e-02 ];
Tc_error_3  = [ 3.904538e+00 ; 9.630322e+00 ; 8.410726e+00 ];

%-- Image #4:
omc_4 = [ 2.213561e+00 ; 1.914526e+00 ; 5.673880e-02 ];
Tc_4  = [ -4.353097e+01 ; -5.534023e+01 ; 3.742102e+02 ];
omc_error_4 = [ 2.446426e-02 ; 2.168601e-02 ; 5.217060e-02 ];
Tc_error_4  = [ 4.393491e+00 ; 1.089364e+01 ; 9.504061e+00 ];

%-- Image #5:
omc_5 = [ -1.935060e+00 ; -1.900928e+00 ; -6.512500e-01 ];
Tc_5  = [ -2.791691e+01 ; -4.325615e+01 ; 2.927854e+02 ];
omc_error_5 = [ 2.127114e-02 ; 2.211309e-02 ; 2.720354e-02 ];
Tc_error_5  = [ 3.496802e+00 ; 8.535010e+00 ; 7.249185e+00 ];

%-- Image #6:
omc_6 = [ 1.939587e+00 ; 1.614911e+00 ; -5.996471e-01 ];
Tc_6  = [ -5.769263e+01 ; -4.659253e+01 ; 3.674693e+02 ];
omc_error_6 = [ 1.961818e-02 ; 1.967609e-02 ; 3.012935e-02 ];
Tc_error_6  = [ 4.341283e+00 ; 1.077037e+01 ; 8.472829e+00 ];

%-- Image #7:
omc_7 = [ 2.245112e+00 ; 1.873857e+00 ; -1.393755e-01 ];
Tc_7  = [ -1.487034e+01 ; -5.585247e+01 ; 3.512574e+02 ];
omc_error_7 = [ 2.446908e-02 ; 1.982253e-02 ; 4.541363e-02 ];
Tc_error_7  = [ 4.170315e+00 ; 1.017889e+01 ; 8.459759e+00 ];

%-- Image #8:
omc_8 = [ 2.347471e+00 ; 2.058068e+00 ; -4.033382e-01 ];
Tc_8  = [ -2.124088e+01 ; -5.261168e+01 ; 3.152683e+02 ];
omc_error_8 = [ 2.207312e-02 ; 2.404620e-02 ; 4.785065e-02 ];
Tc_error_8  = [ 3.795701e+00 ; 9.164075e+00 ; 7.431577e+00 ];

%-- Image #9:
omc_9 = [ 1.801943e+00 ; 1.925320e+00 ; 2.571648e-01 ];
Tc_9  = [ -2.570660e+01 ; -5.913577e+01 ; 2.962700e+02 ];
omc_error_9 = [ 1.988604e-02 ; 1.428389e-02 ; 3.272897e-02 ];
Tc_error_9  = [ 3.540884e+00 ; 8.618536e+00 ; 7.733707e+00 ];

%-- Image #10:
omc_10 = [ 1.879826e+00 ; 2.011802e+00 ; -4.486682e-01 ];
Tc_10  = [ -4.609122e+01 ; -7.610101e+01 ; 3.679275e+02 ];
omc_error_10 = [ 1.652336e-02 ; 2.077384e-02 ; 3.689298e-02 ];
Tc_error_10  = [ 4.421502e+00 ; 1.073412e+01 ; 8.780583e+00 ];

%-- Image #11:
omc_11 = [ -1.961736e+00 ; -2.028419e+00 ; -5.396976e-01 ];
Tc_11  = [ -3.118968e+01 ; -3.913933e+01 ; 2.960833e+02 ];
omc_error_11 = [ 2.208507e-02 ; 2.300571e-02 ; 3.082084e-02 ];
Tc_error_11  = [ 3.515389e+00 ; 8.628385e+00 ; 7.252999e+00 ];

%-- Image #12:
omc_12 = [ 1.905385e+00 ; 2.117126e+00 ; 9.764300e-02 ];
Tc_12  = [ -4.793503e+01 ; -6.092349e+01 ; 2.985031e+02 ];
omc_error_12 = [ 1.665267e-02 ; 1.887504e-02 ; 4.227560e-02 ];
Tc_error_12  = [ 3.558668e+00 ; 8.696216e+00 ; 7.857094e+00 ];

%-- Image #13:
omc_13 = [ 1.609579e+00 ; 1.327092e+00 ; -9.557608e-01 ];
Tc_13  = [ -3.530136e+01 ; -2.733033e+01 ; 3.161957e+02 ];
omc_error_13 = [ 2.190693e-02 ; 2.099880e-02 ; 2.160779e-02 ];
Tc_error_13  = [ 3.720516e+00 ; 9.225841e+00 ; 6.706298e+00 ];

%-- Image #14:
omc_14 = [ 1.959371e+00 ; 2.042698e+00 ; -2.180930e-01 ];
Tc_14  = [ -3.972591e+01 ; -7.778753e+01 ; 6.237341e+02 ];
omc_error_14 = [ 2.278666e-02 ; 2.409519e-02 ; 4.877780e-02 ];
Tc_error_14  = [ 7.340244e+00 ; 1.813296e+01 ; 1.508136e+01 ];

%-- Image #15:
omc_15 = [ -1.962269e+00 ; -2.223224e+00 ; -2.529462e-01 ];
Tc_15  = [ -1.151396e+02 ; -8.461886e+01 ; 5.984081e+02 ];
omc_error_15 = [ 3.981242e-02 ; 3.227422e-02 ; 8.731565e-02 ];
Tc_error_15  = [ 7.168341e+00 ; 1.734227e+01 ; 1.654055e+01 ];

%-- Image #16:
omc_16 = [ -2.113245e+00 ; -2.205536e+00 ; 5.588989e-01 ];
Tc_16  = [ -4.920657e+01 ; -4.937475e+01 ; 3.393794e+02 ];
omc_error_16 = [ 1.929680e-02 ; 1.269082e-02 ; 4.852525e-02 ];
Tc_error_16  = [ 4.090074e+00 ; 9.979114e+00 ; 8.137574e+00 ];

%-- Image #17:
omc_17 = [ 2.020316e+00 ; 2.127357e+00 ; -3.247073e-01 ];
Tc_17  = [ -1.139825e+01 ; -8.157764e+01 ; 4.559574e+02 ];
omc_error_17 = [ 2.062491e-02 ; 2.363792e-02 ; 4.521768e-02 ];
Tc_error_17  = [ 5.458505e+00 ; 1.322447e+01 ; 1.079618e+01 ];

%-- Image #18:
omc_18 = [ 1.152842e+00 ; 1.972354e+00 ; -5.747052e-01 ];
Tc_18  = [ -7.237118e+01 ; -1.529868e+02 ; 8.774375e+02 ];
omc_error_18 = [ 1.911310e-02 ; 2.157085e-02 ; 3.312176e-02 ];
Tc_error_18  = [ 1.042635e+01 ; 2.559536e+01 ; 2.180280e+01 ];

%-- Image #19:
omc_19 = [ 1.614266e+00 ; 1.162931e+00 ; 5.794438e-01 ];
Tc_19  = [ -8.558746e+01 ; -5.904428e+01 ; 4.122069e+02 ];
omc_error_19 = [ 2.429198e-02 ; 1.180561e-02 ; 2.184205e-02 ];
Tc_error_19  = [ 4.938348e+00 ; 1.206832e+01 ; 1.138546e+01 ];

%-- Image #20:
omc_20 = [ -1.345795e+00 ; -1.906121e+00 ; 1.344488e+00 ];
Tc_20  = [ 1.045055e+01 ; -6.897013e+01 ; 4.782010e+02 ];
omc_error_20 = [ 1.837968e-02 ; 1.632807e-02 ; 3.529601e-02 ];
Tc_error_20  = [ 5.667397e+00 ; 1.391310e+01 ; 1.122720e+01 ];

%-- Image #21:
omc_21 = [ -1.684327e+00 ; -2.129196e+00 ; 1.126134e+00 ];
Tc_21  = [ 2.836125e+01 ; -6.826304e+01 ; 4.942865e+02 ];
omc_error_21 = [ 1.795172e-02 ; 1.289862e-02 ; 3.985439e-02 ];
Tc_error_21  = [ 5.823804e+00 ; 1.434660e+01 ; 1.160142e+01 ];

%-- Image #22:
omc_22 = [ 1.955601e+00 ; 2.039650e+00 ; -3.363924e-01 ];
Tc_22  = [ 3.505791e+01 ; -7.320755e+01 ; 6.318731e+02 ];
omc_error_22 = [ 2.422155e-02 ; 2.253903e-02 ; 4.343110e-02 ];
Tc_error_22  = [ 7.488764e+00 ; 1.832982e+01 ; 1.507044e+01 ];

%-- Image #23:
omc_23 = [ 1.949672e+00 ; 2.101170e+00 ; -1.576397e-01 ];
