% Intrinsic and Extrinsic Camera Parameters
%
% This script file can be directly executed under Matlab to recover the camera intrinsic and extrinsic parameters.
% IMPORTANT: This file contains neither the structure of the calibration objects nor the image coordinates of the calibration points.
%            All those complementary variables are saved in the complete matlab data file Calib_Results.mat.
% For more information regarding the calibration model visit http://www.vision.caltech.edu/bouguetj/calib_doc/


%-- Focal length:
fc = [ 2878.915596481925149 ; 2922.877120452206327 ];

%-- Principal point:
cc = [ 597.726059595740026 ; 598.472786948273324 ];

%-- Skew coefficient:
alpha_c = 0.000000000000000;

%-- Distortion coefficients:
kc = [ -0.540232801315919 ; 5.399963679241148 ; 0.052465913816273 ; 0.006660298793977 ; 0.000000000000000 ];

%-- Focal length uncertainty:
fc_error = [ 65.269044309943425 ; 77.103798247020805 ];

%-- Principal point uncertainty:
cc_error = [ 31.588090970339707 ; 83.086124681897573 ];

%-- Skew coefficient uncertainty:
alpha_c_error = 0.000000000000000;

%-- Distortion coefficients uncertainty:
kc_error = [ 0.148308854017832 ; 2.609423792354757 ; 0.007838920110997 ; 0.005678065877857 ; 0.000000000000000 ];

%-- Image size:
nx = 1024;
ny = 768;


%-- Various other variables (may be ignored if you do not use the Matlab Calibration Toolbox):
%-- Those variables are used to control which intrinsic parameters should be optimized

n_ima = 28;						% Number of calibration images
est_fc = [ 1 ; 1 ];					% Estimation indicator of the two focal variables
est_aspect_ratio = 1;				% Estimation indicator of the aspect ratio fc(2)/fc(1)
center_optim = 1;					% Estimation indicator of the principal point
est_alpha = 0;						% Estimation indicator of the skew coefficient
est_dist = [ 1 ; 1 ; 1 ; 1 ; 0 ];	% Estimation indicator of the distortion coefficients


%-- Extrinsic parameters:
%-- The rotation (omc_kk) and the translation (Tc_kk) vectors for every calibration image and their uncertainties

%-- Image #1:
omc_1 = [ -1.781129e+00 ; -1.796216e+00 ; -8.651902e-01 ];
Tc_1  = [ -4.131771e+00 ; -5.781892e+01 ; 2.810226e+02 ];
omc_error_1 = [ 1.949674e-02 ; 2.426688e-02 ; 2.695102e-02 ];
Tc_error_1  = [ 3.211375e+00 ; 7.943027e+00 ; 7.205691e+00 ];

%-- Image #2:
omc_2 = [ 2.452415e+00 ; 1.387797e+00 ; 5.461086e-02 ];
Tc_2  = [ -6.042289e+01 ; -3.976882e+01 ; 3.504562e+02 ];
omc_error_2 = [ 2.361470e-02 ; 1.362442e-02 ; 3.865553e-02 ];
Tc_error_2  = [ 3.862869e+00 ; 1.001941e+01 ; 8.743264e+00 ];

%-- Image #3:
omc_3 = [ 2.128005e+00 ; 1.712077e+00 ; 1.379536e-01 ];
Tc_3  = [ -2.830409e+01 ; -5.149407e+01 ; 3.333496e+02 ];
omc_error_3 = [ 2.235644e-02 ; 1.405547e-02 ; 3.412099e-02 ];
Tc_error_3  = [ 3.726794e+00 ; 9.467667e+00 ; 8.394313e+00 ];

%-- Image #4:
omc_4 = [ 2.213421e+00 ; 1.914472e+00 ; 5.331743e-02 ];
Tc_4  = [ -4.288018e+01 ; -5.592749e+01 ; 3.760420e+02 ];
omc_error_4 = [ 2.385997e-02 ; 2.107975e-02 ; 5.110752e-02 ];
Tc_error_4  = [ 4.189987e+00 ; 1.070087e+01 ; 9.471386e+00 ];

%-- Image #5:
omc_5 = [ -1.933674e+00 ; -1.900153e+00 ; -6.487257e-01 ];
Tc_5  = [ -2.738835e+01 ; -4.379248e+01 ; 2.946824e+02 ];
omc_error_5 = [ 2.084772e-02 ; 2.162107e-02 ; 2.655699e-02 ];
Tc_error_5  = [ 3.341146e+00 ; 8.397912e+00 ; 7.237283e+00 ];

%-- Image #6:
omc_6 = [ 1.939957e+00 ; 1.616065e+00 ; -6.014742e-01 ];
Tc_6  = [ -5.704435e+01 ; -4.712738e+01 ; 3.690871e+02 ];
omc_error_6 = [ 1.921569e-02 ; 1.918182e-02 ; 2.935263e-02 ];
Tc_error_6  = [ 4.138853e+00 ; 1.057543e+01 ; 8.443459e+00 ];

%-- Image #7:
omc_7 = [ 2.247005e+00 ; 1.875744e+00 ; -1.401237e-01 ];
Tc_7  = [ -1.423830e+01 ; -5.640018e+01 ; 3.530419e+02 ];
omc_error_7 = [ 2.394581e-02 ; 1.931631e-02 ; 4.455373e-02 ];
Tc_error_7  = [ 3.979156e+00 ; 1.000143e+01 ; 8.440183e+00 ];

%-- Image #8:
omc_8 = [ 2.348835e+00 ; 2.061050e+00 ; -4.041601e-01 ];
Tc_8  = [ -2.067568e+01 ; -5.313000e+01 ; 3.169766e+02 ];
omc_error_8 = [ 2.170651e-02 ; 2.358808e-02 ; 4.674419e-02 ];
Tc_error_8  = [ 3.623470e+00 ; 9.007819e+00 ; 7.418024e+00 ];

%-- Image #9:
omc_9 = [ 1.804694e+00 ; 1.927622e+00 ; 2.576872e-01 ];
Tc_9  = [ -2.520853e+01 ; -5.958657e+01 ; 2.978150e+02 ];
omc_error_9 = [ 1.942783e-02 ; 1.382378e-02 ; 3.204435e-02 ];
Tc_error_9  = [ 3.379185e+00 ; 8.469689e+00 ; 7.717086e+00 ];

%-- Image #10:
omc_10 = [ 1.879376e+00 ; 2.012573e+00 ; -4.506415e-01 ];
Tc_10  = [ -4.541928e+01 ; -7.660883e+01 ; 3.694143e+02 ];
omc_error_10 = [ 1.615035e-02 ; 2.017887e-02 ; 3.593421e-02 ];
Tc_error_10  = [ 4.214527e+00 ; 1.053364e+01 ; 8.747465e+00 ];

%-- Image #11:
omc_11 = [ -1.960321e+00 ; -2.026261e+00 ; -5.435135e-01 ];
Tc_11  = [ -3.064194e+01 ; -3.957202e+01 ; 2.976821e+02 ];
omc_error_11 = [ 2.162722e-02 ; 2.256700e-02 ; 2.997020e-02 ];
Tc_error_11  = [ 3.355622e+00 ; 8.481262e+00 ; 7.236341e+00 ];

%-- Image #12:
omc_12 = [ 1.907239e+00 ; 2.118210e+00 ; 9.874263e-02 ];
Tc_12  = [ -4.742822e+01 ; -6.138643e+01 ; 3.002624e+02 ];
omc_error_12 = [ 1.622855e-02 ; 1.830217e-02 ; 4.155197e-02 ];
Tc_error_12  = [ 3.398906e+00 ; 8.550302e+00 ; 7.842751e+00 ];

%-- Image #13:
omc_13 = [ 1.610497e+00 ; 1.327949e+00 ; -9.552235e-01 ];
Tc_13  = [ -3.479416e+01 ; -2.776400e+01 ; 3.173416e+02 ];
omc_error_13 = [ 2.143260e-02 ; 2.045489e-02 ; 2.096139e-02 ];
Tc_error_13  = [ 3.544219e+00 ; 9.052346e+00 ; 6.682582e+00 ];

%-- Image #14:
omc_14 = [ 1.959731e+00 ; 2.044121e+00 ; -2.193138e-01 ];
Tc_14  = [ -3.862031e+01 ; -7.874376e+01 ; 6.267940e+02 ];
omc_error_14 = [ 2.234678e-02 ; 2.353441e-02 ; 4.783926e-02 ];
Tc_error_14  = [ 7.001639e+00 ; 1.781423e+01 ; 1.504378e+01 ];

%-- Image #15:
omc_15 = [ -1.960445e+00 ; -2.220007e+00 ; -2.635881e-01 ];
Tc_15  = [ -1.140598e+02 ; -8.543757e+01 ; 6.007525e+02 ];
omc_error_15 = [ 3.954093e-02 ; 3.224572e-02 ; 8.543558e-02 ];
Tc_error_15  = [ 6.838466e+00 ; 1.699934e+01 ; 1.649300e+01 ];

%-- Image #16:
omc_16 = [ -2.116259e+00 ; -2.212067e+00 ; 5.458317e-01 ];
Tc_16  = [ -4.873825e+01 ; -4.999879e+01 ; 3.413483e+02 ];
omc_error_16 = [ 1.887319e-02 ; 1.263992e-02 ; 4.785888e-02 ];
Tc_error_16  = [ 3.906053e+00 ; 9.813291e+00 ; 8.125453e+00 ];

%-- Image #17:
omc_17 = [ 2.023429e+00 ; 2.126971e+00 ; -3.252416e-01 ];
Tc_17  = [ -1.062702e+01 ; -8.217730e+01 ; 4.583256e+02 ];
omc_error_17 = [ 2.019896e-02 ; 2.302077e-02 ; 4.415849e-02 ];
Tc_error_17  = [ 5.208729e+00 ; 1.299391e+01 ; 1.077204e+01 ];

%-- Image #18:
omc_18 = [ 1.151532e+00 ; 1.972867e+00 ; -5.771502e-01 ];
Tc_18  = [ -7.073325e+01 ; -1.540070e+02 ; 8.803208e+02 ];
omc_error_18 = [ 1.873983e-02 ; 2.096735e-02 ; 3.231991e-02 ];
Tc_error_18  = [ 9.930723e+00 ; 2.510236e+01 ; 2.170033e+01 ];

%-- Image #19:
omc_19 = [ 1.617455e+00 ; 1.167163e+00 ; 5.763666e-01 ];
Tc_19  = [ -8.498444e+01 ; -5.962903e+01 ; 4.144391e+02 ];
omc_error_19 = [ 2.371274e-02 ; 1.134541e-02 ; 2.129993e-02 ];
Tc_error_19  = [ 4.716734e+00 ; 1.185784e+01 ; 1.135503e+01 ];

%-- Image #20:
omc_20 = [ -1.337027e+00 ; -1.905320e+00 ; 1.342377e+00 ];
Tc_20  = [ 1.144694e+01 ; -6.962935e+01 ; 4.795441e+02 ];
omc_error_20 = [ 1.778810e-02 ; 1.588111e-02 ; 3.443810e-02 ];
Tc_error_20  = [ 5.393028e+00 ; 1.364203e+01 ; 1.117733e+01 ];

%-- Image #21:
omc_21 = [ -1.682460e+00 ; -2.129494e+00 ; 1.127932e+00 ];
Tc_21  = [ 2.925934e+01 ; -6.891034e+01 ; 4.962504e+02 ];
omc_error_21 = [ 1.734532e-02 ; 1.255123e-02 ; 3.886863e-02 ];
Tc_error_21  = [ 5.547773e+00 ; 1.408168e+01 ; 1.155654e+01 ];

%-- Image #22:
omc_22 = [ 1.956670e+00 ; 2.041165e+00 ; -3.417497e-01 ];
Tc_22  = [ 3.621096e+01 ; -7.413523e+01 ; 6.346916e+02 ];
omc_error_22 = [ 2.368053e-02 ; 2.198886e-02 ; 4.234636e-02 ];
Tc_error_22  = [ 7.139870e+00 ; 1.799821e+01 ; 1.502266e+01 ];

%-- Image #23:
omc_23 = [ 1.950878e+00 ; 2.103314e+00 ; -1.639055e-01 ];
